0 0.616375 0.829885 0.220791 0.314943
0 0.876265 0.830460 0.227231 0.322989
0 0.118215 0.749425 0.227231 0.296552
0 0.746550 0.432184 0.131555 0.165517
0 0.514259 0.439080 0.128795 0.177011
0 0.294388 0.343678 0.108556 0.131034
0 0.415363 0.234483 0.070837 0.091954
0 0.530819 0.267241 0.069917 0.106897
0 0.523919 0.182759 0.070837 0.068966
0 0.659154 0.235057 0.094756 0.104598
0 0.482061 0.114943 0.049678 0.064368
0 0.294388 0.235632 0.079117 0.078161
0 0.319227 0.178736 0.068077 0.086207
0 0.455382 0.066667 0.045998 0.057471
0 0.324747 0.109195 0.058878 0.059770
