0 0.567878 0.811236 0.166914 0.334831
0 0.869807 0.819663 0.251484 0.342697
0 0.688056 0.458989 0.129822 0.156180
0 0.405045 0.680337 0.114243 0.257303
0 0.141691 0.808989 0.186944 0.382022
0 0.313056 0.348315 0.071217 0.137079
0 0.468843 0.235393 0.054896 0.104494
0 0.566024 0.178090 0.051929 0.070787
0 0.473665 0.155056 0.048220 0.062921
0 0.534866 0.116292 0.040059 0.050562
0 0.308234 0.238202 0.055638 0.080899
0 0.404303 0.078090 0.032641 0.046067
0 0.335682 0.130337 0.048220 0.049438
