0 0.103161 0.757259 0.204565 0.360046
0 0.517559 0.908827 0.195786 0.182346
0 0.857770 0.804297 0.273924 0.372822
0 0.729148 0.530778 0.164179 0.197445
0 0.474100 0.579559 0.131694 0.213705
0 0.625549 0.392567 0.107989 0.150987
0 0.438982 0.383856 0.119403 0.173055
0 0.607550 0.246806 0.094820 0.126597
0 0.548727 0.173635 0.080773 0.133566
0 0.440737 0.253775 0.086040 0.080139
0 0.296752 0.242160 0.143986 0.128920
0 0.288411 0.093496 0.044776 0.068525
0 0.436787 0.187573 0.072871 0.063879
0 0.425812 0.130081 0.054434 0.067364
0 0.379280 0.054588 0.043898 0.051103
