0 0.163355 0.816627 0.161367 0.366745
0 0.381955 0.811321 0.137520 0.377358
0 0.885930 0.824882 0.228140 0.347877
0 0.583466 0.661557 0.155803 0.285377
0 0.796105 0.528892 0.170906 0.239387
0 0.399046 0.415684 0.095390 0.182783
0 0.532989 0.425708 0.097774 0.186321
0 0.711844 0.373821 0.113672 0.188679
0 0.292130 0.318986 0.097774 0.147406
0 0.522655 0.285967 0.089825 0.107311
0 0.316773 0.198113 0.069157 0.108491
0 0.497615 0.202830 0.065183 0.099057
0 0.487281 0.115566 0.055644 0.054245
0 0.476153 0.068396 0.046105 0.044811
0 0.644674 0.923349 0.166932 0.153302
