0 0.652473 0.552033 0.209707 0.278708
0 0.849817 0.858852 0.274725 0.282297
0 0.418956 0.880383 0.239011 0.232057
0 0.284341 0.476675 0.118132 0.187799
0 0.076465 0.333134 0.123626 0.183014
0 0.498626 0.226675 0.101648 0.118421
0 0.435440 0.125000 0.066850 0.082536
0 0.342491 0.199761 0.080586 0.112440
0 0.249084 0.138158 0.058608 0.080144
0 0.341575 0.120215 0.065934 0.061005
0 0.394689 0.044258 0.058608 0.062201
0 0.322802 0.069976 0.054029 0.058612
0 0.136447 0.198565 0.087912 0.107656
0 0.150641 0.110048 0.066850 0.081340
