0 0.858582 0.813983 0.255439 0.347066
0 0.663175 0.585518 0.156326 0.237203
0 0.492748 0.737203 0.186140 0.355805
0 0.298952 0.577403 0.127317 0.303371
0 0.119662 0.585518 0.166801 0.307116
0 0.199839 0.283396 0.096696 0.172285
0 0.447623 0.422597 0.116841 0.208489
0 0.637792 0.371411 0.123288 0.183521
0 0.570105 0.240949 0.102337 0.142322
0 0.525786 0.149189 0.065270 0.098627
0 0.425866 0.264669 0.084609 0.114856
0 0.408139 0.174782 0.063658 0.062422
0 0.450846 0.057428 0.091056 0.079900
0 0.392425 0.119850 0.049960 0.057428
0 0.255842 0.064295 0.055600 0.098627
0 0.370266 0.023096 0.042707 0.043695
