0 0.595579 0.803861 0.228196 0.339975
0 0.844683 0.609589 0.241338 0.270237
0 0.793907 0.376712 0.173238 0.160648
0 0.516129 0.341220 0.145759 0.151930
0 0.370370 0.277086 0.100358 0.130760
0 0.219235 0.342466 0.125448 0.129514
0 0.217443 0.229141 0.107527 0.099626
0 0.533453 0.200498 0.108722 0.114570
0 0.671446 0.174969 0.117085 0.123288
0 0.462963 0.109589 0.075269 0.069738
0 0.539427 0.054795 0.063321 0.052304
0 0.378734 0.043587 0.069295 0.062267
0 0.259259 0.092777 0.081243 0.056040
0 0.246714 0.159402 0.091995 0.057285
