0 0.493652 0.732346 0.123973 0.275626
0 0.869305 0.864465 0.235997 0.257403
0 0.130321 0.859339 0.190441 0.281321
0 0.722928 0.521640 0.132935 0.232346
0 0.624720 0.320046 0.099328 0.132118
0 0.498133 0.442483 0.089619 0.185649
0 0.509335 0.304100 0.080657 0.138952
0 0.572442 0.199886 0.070948 0.080866
0 0.306572 0.265945 0.100822 0.126424
0 0.380881 0.140661 0.056759 0.089977
0 0.321135 0.152050 0.053771 0.087699
0 0.542569 0.133827 0.051531 0.062642
0 0.430919 0.117882 0.046303 0.069476
0 0.469380 0.092255 0.045556 0.068337
0 0.523898 0.075171 0.056012 0.059226
