0 0.685520 0.802217 0.146736 0.395566
0 0.887201 0.725204 0.159664 0.360560
0 0.757919 0.411319 0.092437 0.180863
0 0.639625 0.425904 0.084680 0.182030
0 0.527796 0.438156 0.070459 0.171529
0 0.441823 0.337806 0.075630 0.162194
0 0.633161 0.287631 0.061409 0.103851
0 0.710084 0.235123 0.057531 0.101517
0 0.673885 0.158110 0.043310 0.066511
0 0.621526 0.202450 0.052359 0.078180
0 0.543310 0.238040 0.054945 0.102684
0 0.470911 0.179697 0.051067 0.100350
0 0.659341 0.094516 0.040078 0.058343
0 0.605688 0.113186 0.040078 0.042007
