0 0.683771 0.835771 0.198091 0.317819
0 0.859189 0.595745 0.186158 0.218085
0 0.563246 0.521941 0.152745 0.187500
0 0.725537 0.293883 0.131265 0.132979
0 0.282220 0.370346 0.132458 0.179521
0 0.549523 0.302527 0.113365 0.142287
0 0.689141 0.182181 0.084726 0.085106
0 0.516706 0.181516 0.085919 0.091755
0 0.312053 0.222074 0.091885 0.095745
0 0.322196 0.140293 0.083532 0.073138
0 0.413484 0.089096 0.060859 0.063830
0 0.517900 0.111037 0.066826 0.059840
0 0.628282 0.113697 0.065632 0.081117
0 0.488067 0.059176 0.052506 0.057181
