0 0.151307 0.793379 0.171939 0.347032
0 0.563961 0.904110 0.154058 0.191781
0 0.880330 0.898973 0.209078 0.202055
0 0.506878 0.591895 0.129298 0.247717
0 0.676754 0.551370 0.126547 0.253425
0 0.264099 0.340183 0.077029 0.143836
0 0.288858 0.223174 0.056396 0.106164
0 0.463893 0.378425 0.073590 0.160959
0 0.450138 0.239155 0.063961 0.115297
0 0.561554 0.265982 0.072215 0.107306
0 0.520289 0.153539 0.050206 0.090183
0 0.420220 0.139840 0.039890 0.067352
0 0.487620 0.094749 0.037139 0.066210
