0 0.842396 0.805729 0.276498 0.361146
0 0.487097 0.649440 0.166820 0.247821
0 0.639631 0.468867 0.171429 0.212951
0 0.111982 0.420922 0.133641 0.231631
0 0.262673 0.336862 0.103226 0.195517
0 0.414286 0.428394 0.124424 0.211706
0 0.383410 0.268991 0.103226 0.107098
0 0.568664 0.302615 0.116129 0.102117
0 0.529032 0.180573 0.097696 0.141968
0 0.382949 0.179950 0.093088 0.080946
0 0.471429 0.090909 0.074654 0.074720
0 0.370968 0.077210 0.082028 0.127024
0 0.183871 0.129514 0.074654 0.099626
