0 0.088542 0.889930 0.162202 0.220141
0 0.492188 0.838993 0.164435 0.223653
0 0.402158 0.628220 0.116815 0.265808
0 0.491071 0.464871 0.108631 0.201405
0 0.611979 0.332553 0.130208 0.266979
0 0.439732 0.322600 0.078869 0.141686
0 0.204241 0.329040 0.097470 0.175644
0 0.259673 0.133489 0.053571 0.091335
0 0.407366 0.243560 0.057292 0.098361
0 0.522321 0.191452 0.062500 0.083138
0 0.491815 0.121194 0.046131 0.069087
0 0.357887 0.141101 0.053571 0.087822
0 0.420387 0.170960 0.056548 0.079625
0 0.400298 0.095433 0.040179 0.073770
0 0.467634 0.076698 0.051339 0.059719
