0 0.522681 0.784585 0.206653 0.370224
0 0.844758 0.777339 0.260081 0.374177
0 0.675907 0.463109 0.152218 0.227931
0 0.514617 0.450593 0.130040 0.176548
0 0.214718 0.326746 0.102823 0.171278
0 0.454637 0.291831 0.092742 0.154150
0 0.611391 0.284585 0.103831 0.131752
0 0.560988 0.167984 0.081653 0.101449
0 0.431956 0.173913 0.079637 0.105402
0 0.350302 0.122530 0.065524 0.094862
0 0.244960 0.182477 0.084677 0.106719
0 0.412802 0.077075 0.057460 0.075099
0 0.502016 0.080369 0.056452 0.063241
0 0.250504 0.092885 0.065524 0.064559
