0 0.872073 0.851508 0.255854 0.290023
0 0.570252 0.897912 0.229835 0.204176
0 0.286210 0.777262 0.164788 0.310905
0 0.477016 0.577146 0.161318 0.367749
0 0.704250 0.585267 0.159584 0.221578
0 0.648309 0.400232 0.122290 0.150812
0 0.451865 0.357889 0.093669 0.073086
0 0.449696 0.272042 0.080659 0.098608
0 0.518647 0.196056 0.090199 0.167053
0 0.107979 0.611949 0.176062 0.286543
0 0.192108 0.334107 0.106678 0.164733
0 0.253252 0.127030 0.052038 0.077726
0 0.387684 0.234339 0.055507 0.095128
0 0.391587 0.162993 0.052905 0.049884
0 0.467476 0.049304 0.041631 0.054524
0 0.464441 0.117749 0.040763 0.066125
0 0.416739 0.042343 0.037294 0.049884
