0 0.551518 0.609080 0.147764 0.267689
0 0.888978 0.744693 0.215655 0.345519
0 0.118211 0.803656 0.223642 0.373821
0 0.488419 0.386203 0.099840 0.182783
0 0.511182 0.261203 0.073482 0.130896
0 0.523562 0.178066 0.075879 0.091981
0 0.411741 0.249410 0.066294 0.107311
0 0.269968 0.294811 0.089457 0.139151
0 0.299121 0.195165 0.069489 0.086085
0 0.308706 0.122052 0.056709 0.069575
0 0.531150 0.057783 0.047923 0.080189
0 0.428914 0.027123 0.043131 0.049528
0 0.335863 0.072524 0.058307 0.071934
