0 0.569094 0.765718 0.198880 0.380783
0 0.856676 0.822064 0.254902 0.325030
0 0.805322 0.562278 0.182073 0.204033
0 0.701681 0.375445 0.122316 0.176750
0 0.528945 0.507117 0.126050 0.129300
0 0.515406 0.374852 0.106443 0.135231
0 0.171335 0.441281 0.155929 0.234875
0 0.363679 0.304270 0.092437 0.160142
0 0.237162 0.236655 0.098973 0.134045
0 0.496732 0.265718 0.085901 0.104389
0 0.660598 0.237841 0.103641 0.091340
0 0.491130 0.176157 0.080299 0.077106
0 0.620915 0.150059 0.085901 0.100830
0 0.401027 0.158363 0.075630 0.093713
0 0.272642 0.119217 0.063492 0.088968
0 0.391223 0.071767 0.056022 0.074733
0 0.478525 0.102610 0.071895 0.074733
0 0.575163 0.088375 0.061625 0.086595
