0 0.298436 0.872302 0.157255 0.255396
0 0.873588 0.866307 0.252824 0.267386
0 0.565161 0.682254 0.183319 0.247002
0 0.716334 0.449041 0.157255 0.205036
0 0.518679 0.488609 0.118158 0.202638
0 0.455256 0.365108 0.086881 0.152278
0 0.630756 0.291966 0.111208 0.130695
0 0.469157 0.273981 0.086881 0.109113
0 0.598175 0.197242 0.080799 0.075540
0 0.550391 0.116906 0.073849 0.092326
0 0.249783 0.304556 0.091225 0.165468
0 0.242398 0.185252 0.076455 0.109113
0 0.436577 0.178058 0.072111 0.099520
0 0.408775 0.079736 0.058210 0.075540
