0 0.848531 0.821611 0.274569 0.326087
0 0.461499 0.755115 0.193516 0.297954
0 0.752786 0.564578 0.192503 0.177749
0 0.438197 0.480179 0.140831 0.180307
0 0.643870 0.395141 0.159068 0.181586
0 0.392604 0.301790 0.104357 0.156010
0 0.562817 0.217391 0.142857 0.179028
0 0.276089 0.163683 0.094225 0.104859
0 0.075481 0.357417 0.128673 0.182864
0 0.144377 0.222506 0.098278 0.117647
0 0.435664 0.101023 0.056738 0.079284
0 0.350051 0.070972 0.057751 0.070332
0 0.157548 0.125959 0.069909 0.085678
