0 0.532493 0.784606 0.215325 0.404535
0 0.858875 0.857399 0.276431 0.280430
0 0.784675 0.585322 0.195926 0.230310
0 0.280310 0.591885 0.139670 0.267303
0 0.488846 0.519093 0.139670 0.150358
0 0.672648 0.377088 0.129001 0.176611
0 0.469932 0.377088 0.109602 0.133652
0 0.322502 0.363365 0.117362 0.168258
0 0.116392 0.433771 0.170708 0.215990
0 0.187197 0.239857 0.093113 0.143198
0 0.457323 0.258353 0.092144 0.106205
0 0.627546 0.242243 0.096993 0.085919
0 0.592629 0.157518 0.089234 0.090692
0 0.448594 0.179594 0.082444 0.060859
0 0.445199 0.121122 0.083414 0.065632
0 0.535403 0.085919 0.064016 0.090692
0 0.220175 0.115155 0.071775 0.079952
