0 0.823140 0.664573 0.280326 0.369347
0 0.490316 0.844221 0.252803 0.185930
0 0.398063 0.557789 0.153925 0.293970
0 0.665138 0.434045 0.153925 0.204774
0 0.574924 0.228015 0.122324 0.159548
0 0.489297 0.091080 0.095821 0.106784
0 0.408767 0.371231 0.124363 0.129397
0 0.411315 0.244975 0.102956 0.130653
0 0.376656 0.141960 0.080530 0.090452
0 0.316004 0.082286 0.073394 0.096734
0 0.070846 0.300879 0.121305 0.162060
0 0.163099 0.070352 0.067278 0.092965
0 0.229358 0.036432 0.065240 0.067839
