0 0.424634 0.778331 0.223847 0.341220
0 0.814398 0.799502 0.305962 0.351183
0 0.669291 0.591532 0.179978 0.214197
0 0.380765 0.504359 0.169854 0.224159
0 0.159168 0.580946 0.151856 0.227895
0 0.070304 0.376090 0.115861 0.164384
0 0.185039 0.290162 0.097863 0.132005
0 0.316085 0.353674 0.101237 0.079701
0 0.316085 0.273350 0.105737 0.100872
0 0.501687 0.282690 0.107987 0.134496
0 0.429134 0.221669 0.068616 0.094645
0 0.275591 0.173101 0.083240 0.092154
0 0.359955 0.084060 0.065242 0.056040
0 0.164792 0.092777 0.057368 0.068493
