0 0.176590 0.778882 0.255751 0.382609
0 0.594046 0.613043 0.246279 0.299379
0 0.868742 0.460870 0.213802 0.236025
0 0.310555 0.459627 0.163735 0.218634
0 0.504736 0.411801 0.162382 0.093168
0 0.721245 0.314907 0.156969 0.127950
0 0.500677 0.316770 0.146143 0.124224
0 0.215156 0.233540 0.116373 0.139130
0 0.453992 0.202484 0.112314 0.101863
0 0.654263 0.201863 0.106901 0.088199
0 0.573072 0.129193 0.096076 0.081988
0 0.417456 0.118634 0.090663 0.073292
0 0.309202 0.155901 0.098782 0.105590
