0 0.613269 0.856124 0.238403 0.287753
0 0.816073 0.520214 0.186624 0.200951
0 0.598166 0.605232 0.188781 0.221165
0 0.140777 0.603448 0.236246 0.307967
0 0.562028 0.383472 0.129450 0.141498
0 0.753506 0.332342 0.132686 0.141498
0 0.661273 0.202140 0.101402 0.118906
0 0.539374 0.259215 0.086300 0.109394
0 0.622438 0.111177 0.081985 0.072533
0 0.472492 0.123068 0.071197 0.079667
0 0.304746 0.174197 0.085221 0.098692
0 0.578209 0.058264 0.060410 0.057075
0 0.503236 0.035672 0.044229 0.047562
0 0.457389 0.061831 0.066882 0.054697
0 0.531284 0.180737 0.072276 0.052319
