0 0.574830 0.691986 0.181730 0.281100
0 0.871234 0.620813 0.216715 0.258373
0 0.170554 0.806220 0.308066 0.375598
0 0.387755 0.517344 0.136054 0.247608
0 0.245384 0.388756 0.146744 0.224880
0 0.576774 0.409689 0.129252 0.214115
0 0.790573 0.409689 0.138970 0.159091
0 0.730807 0.281699 0.106900 0.116029
0 0.689018 0.197967 0.097182 0.082536
0 0.524295 0.256579 0.086492 0.118421
0 0.401361 0.150718 0.075802 0.100478
0 0.540330 0.148325 0.077745 0.098086
0 0.636054 0.115431 0.074830 0.082536
0 0.322643 0.113636 0.068027 0.095694
