0 0.539182 0.820620 0.236797 0.351609
0 0.855196 0.867700 0.267462 0.264601
0 0.708688 0.612038 0.187394 0.230036
0 0.086031 0.605483 0.163543 0.305125
0 0.433560 0.497616 0.119250 0.227652
0 0.613714 0.365912 0.125213 0.181168
0 0.554940 0.252682 0.072402 0.133492
0 0.381175 0.323600 0.086031 0.122765
0 0.393952 0.196663 0.063884 0.119190
0 0.474872 0.156138 0.058773 0.073897
0 0.462095 0.096544 0.051959 0.061979
0 0.421635 0.037545 0.042589 0.056019
0 0.359029 0.115614 0.055366 0.083433
0 0.219336 0.170441 0.062181 0.083433
0 0.226150 0.092968 0.050256 0.054827
