0 0.632674 0.856308 0.249740 0.275701
0 0.840271 0.561916 0.229969 0.296729
0 0.549428 0.519860 0.174818 0.254673
0 0.690947 0.325350 0.178980 0.188084
0 0.508325 0.345210 0.115505 0.103972
0 0.165453 0.345794 0.143600 0.182243
0 0.246098 0.226051 0.127992 0.134346
0 0.463059 0.241238 0.093652 0.110981
0 0.608741 0.182243 0.101977 0.102804
0 0.444329 0.141939 0.081165 0.101636
0 0.348595 0.167640 0.085328 0.103972
0 0.563996 0.113318 0.072841 0.067757
0 0.509365 0.064252 0.061394 0.070093
0 0.409990 0.040888 0.054110 0.058411
