0 0.524291 0.891148 0.216599 0.196172
0 0.818826 0.701555 0.242915 0.309809
0 0.500000 0.650718 0.186235 0.306220
0 0.662449 0.410287 0.150810 0.179426
0 0.621964 0.257775 0.116397 0.135167
0 0.437753 0.432416 0.128543 0.204545
0 0.284413 0.449761 0.119433 0.181818
0 0.451417 0.306220 0.109312 0.136364
0 0.404858 0.170455 0.080972 0.096890
0 0.523785 0.166268 0.084008 0.098086
0 0.130567 0.310407 0.131579 0.161483
0 0.189777 0.113636 0.067814 0.088517
0 0.255567 0.075359 0.069838 0.083732
