0 0.494030 0.899637 0.194030 0.200726
0 0.261692 0.732769 0.214925 0.321644
0 0.533333 0.642684 0.210945 0.325272
0 0.871144 0.638452 0.245771 0.292624
0 0.719900 0.409915 0.168159 0.178960
0 0.534328 0.420193 0.147264 0.206771
0 0.643781 0.246675 0.121393 0.137848
0 0.485075 0.222491 0.102488 0.137848
0 0.179602 0.304716 0.128358 0.154776
0 0.375124 0.194680 0.097512 0.152358
0 0.246766 0.195284 0.127363 0.119710
0 0.612438 0.135429 0.090547 0.096735
0 0.465672 0.103386 0.077612 0.090689
