0 0.657672 0.778382 0.139792 0.353865
0 0.873212 0.750000 0.167750 0.243961
0 0.748700 0.439614 0.095579 0.161836
0 0.640442 0.509662 0.100130 0.193237
0 0.501300 0.445652 0.076723 0.161836
0 0.428804 0.347222 0.081274 0.177536
0 0.616060 0.349638 0.073472 0.119565
0 0.719766 0.286836 0.072822 0.143720
0 0.675553 0.208937 0.042913 0.089372
0 0.614759 0.254831 0.052666 0.067633
0 0.522757 0.172101 0.045514 0.078502
0 0.585501 0.109300 0.034460 0.056763
0 0.637841 0.102053 0.033810 0.054348
