0 0.845946 0.821776 0.293694 0.356448
0 0.485586 0.833333 0.201802 0.318735
0 0.196847 0.870438 0.177477 0.259124
0 0.669820 0.455596 0.150450 0.200730
0 0.585586 0.279197 0.111712 0.125304
0 0.415315 0.277981 0.099099 0.108273
0 0.451351 0.501217 0.180180 0.330900
0 0.096396 0.392336 0.124324 0.198297
0 0.146396 0.253041 0.078378 0.138686
0 0.385586 0.192214 0.073874 0.102190
0 0.516216 0.191606 0.086486 0.098540
0 0.486036 0.100365 0.074775 0.093674
0 0.186937 0.100365 0.060360 0.088808
0 0.271171 0.091849 0.068468 0.098540
