0 0.694868 0.807692 0.233010 0.334380
0 0.389043 0.772370 0.195562 0.279435
0 0.121359 0.716641 0.223301 0.284144
0 0.603329 0.448195 0.133148 0.161695
0 0.764216 0.364992 0.160888 0.233909
0 0.244105 0.340659 0.113731 0.125589
0 0.263523 0.231554 0.099861 0.102041
0 0.314147 0.168760 0.076283 0.089482
0 0.538141 0.182104 0.094313 0.103611
0 0.665742 0.190738 0.085992 0.108320
0 0.600555 0.103611 0.069348 0.069074
0 0.440361 0.117739 0.070735 0.075353
0 0.488904 0.063579 0.059639 0.076923
