0 0.630846 0.822917 0.259465 0.343750
0 0.804009 0.541016 0.224944 0.235677
0 0.532294 0.552083 0.164811 0.216146
0 0.121381 0.615234 0.180401 0.240885
0 0.202116 0.358724 0.128062 0.170573
0 0.493875 0.388672 0.121381 0.105469
0 0.487751 0.289062 0.102450 0.101562
0 0.647550 0.273438 0.123608 0.158854
0 0.590200 0.157552 0.075724 0.085938
0 0.437082 0.220703 0.081292 0.097656
0 0.395880 0.147786 0.067929 0.079427
0 0.430401 0.098958 0.070156 0.072917
0 0.518374 0.057292 0.063474 0.070312
0 0.194321 0.234375 0.087973 0.104167
0 0.239421 0.113281 0.075724 0.062500
0 0.421492 0.040365 0.059020 0.049479
