0 0.516231 0.697216 0.163104 0.234339
0 0.791766 0.714037 0.316706 0.560325
0 0.297704 0.566125 0.096595 0.206497
0 0.474268 0.502320 0.107680 0.169374
0 0.594616 0.447796 0.112431 0.160093
0 0.581948 0.298144 0.090261 0.134571
0 0.229216 0.325986 0.084719 0.143852
0 0.415677 0.382831 0.076010 0.146172
0 0.433096 0.296404 0.079177 0.103248
0 0.397466 0.198956 0.058591 0.096288
0 0.533650 0.218097 0.069675 0.092807
0 0.369755 0.092807 0.047506 0.074246
0 0.224466 0.211137 0.073634 0.102088
0 0.479018 0.097448 0.060174 0.078886
