0 0.838532 0.816724 0.300917 0.343643
0 0.489908 0.840779 0.198165 0.286369
0 0.272018 0.791523 0.147706 0.293242
0 0.444037 0.561283 0.128440 0.192440
0 0.664679 0.499427 0.169725 0.201604
0 0.420183 0.403780 0.102752 0.129439
0 0.108257 0.461627 0.119266 0.183276
0 0.555963 0.328179 0.121101 0.140893
0 0.387615 0.295533 0.077982 0.119129
0 0.491284 0.238259 0.070642 0.096220
0 0.465596 0.161512 0.066972 0.057274
0 0.201835 0.181558 0.060550 0.088202
0 0.285321 0.154639 0.060550 0.075601
0 0.351835 0.218213 0.054128 0.079038
