0 0.580369 0.807194 0.225296 0.313669
0 0.845850 0.656115 0.229249 0.233094
0 0.770751 0.461871 0.171278 0.155396
0 0.748353 0.338129 0.137022 0.112230
0 0.642292 0.234532 0.122530 0.132374
0 0.101449 0.459712 0.166008 0.214388
0 0.474967 0.362590 0.138340 0.149640
0 0.466403 0.246043 0.094862 0.092086
0 0.459816 0.173381 0.092227 0.067626
0 0.189723 0.316547 0.129117 0.123741
0 0.207510 0.200719 0.090909 0.102158
0 0.341238 0.105036 0.057971 0.080576
0 0.442029 0.108633 0.083004 0.073381
0 0.548090 0.066187 0.086957 0.106475
