0 0.501263 0.881688 0.177609 0.236623
0 0.852273 0.862069 0.248316 0.275862
0 0.693603 0.577883 0.202020 0.290131
0 0.237374 0.719382 0.170034 0.321046
0 0.439394 0.502973 0.148148 0.228300
0 0.565236 0.325803 0.118687 0.149822
0 0.429714 0.310345 0.101852 0.164090
0 0.527778 0.208680 0.084175 0.086801
0 0.461700 0.129013 0.066498 0.086801
0 0.130892 0.339477 0.113636 0.177170
0 0.182660 0.197979 0.079125 0.127229
0 0.366162 0.222949 0.062290 0.112961
0 0.356902 0.131391 0.062290 0.084423
0 0.351010 0.058264 0.055556 0.066587
0 0.196128 0.111772 0.060606 0.080856
