0 0.887846 0.903106 0.224307 0.193789
0 0.520554 0.817391 0.220733 0.365217
0 0.272565 0.873913 0.184093 0.252174
0 0.125112 0.586335 0.184093 0.308075
0 0.732797 0.456522 0.159071 0.232298
0 0.483021 0.471429 0.117069 0.209938
0 0.630474 0.269565 0.118856 0.161491
0 0.574620 0.158385 0.067918 0.085714
0 0.536193 0.082609 0.075067 0.060870
0 0.419124 0.309317 0.096515 0.136646
0 0.212690 0.290062 0.112601 0.167702
0 0.446381 0.171429 0.068811 0.104348
0 0.419571 0.092547 0.052726 0.055901
0 0.273012 0.067702 0.056300 0.083230
