0 0.856277 0.751199 0.251082 0.370504
0 0.531169 0.846523 0.200000 0.302158
0 0.299567 0.697242 0.173160 0.358513
0 0.118182 0.597722 0.184416 0.300959
0 0.496104 0.589928 0.161039 0.213429
0 0.629870 0.420264 0.122078 0.161871
0 0.595671 0.252998 0.100433 0.136691
0 0.464502 0.393285 0.115152 0.153477
0 0.524675 0.129496 0.077922 0.086331
0 0.480519 0.062350 0.048485 0.067146
0 0.352381 0.065947 0.050216 0.064748
0 0.403463 0.061151 0.048485 0.045564
0 0.411688 0.145683 0.056277 0.058753
0 0.448052 0.270384 0.083983 0.080336
0 0.332468 0.261990 0.076190 0.128297
0 0.206061 0.314149 0.102165 0.175060
