0 0.465051 0.545455 0.158434 0.349469
0 0.479031 0.841795 0.225536 0.264463
0 0.761417 0.640496 0.218080 0.282172
0 0.883038 0.888430 0.228332 0.223140
0 0.645853 0.450413 0.143523 0.185360
0 0.115098 0.337072 0.095993 0.142857
0 0.271202 0.409681 0.109972 0.193625
0 0.569897 0.325856 0.110904 0.132231
0 0.402610 0.285714 0.095061 0.108619
0 0.546132 0.226092 0.087605 0.083825
0 0.376048 0.200118 0.073625 0.064935
0 0.189655 0.154664 0.064306 0.085006
0 0.497204 0.177686 0.071761 0.088548
