0 0.471277 0.815540 0.244681 0.349941
0 0.854787 0.746738 0.284043 0.321471
0 0.639894 0.508897 0.188298 0.206406
0 0.400000 0.534401 0.161702 0.212337
0 0.564894 0.317912 0.112766 0.132859
0 0.095213 0.298339 0.124468 0.138790
0 0.350000 0.365955 0.119149 0.136418
0 0.345745 0.247924 0.104255 0.111507
0 0.520745 0.219454 0.096809 0.068802
0 0.203723 0.178529 0.084043 0.115065
0 0.480319 0.154211 0.092553 0.061684
0 0.271809 0.099051 0.067021 0.081851
0 0.107979 0.124555 0.073404 0.083037
