0 0.851781 0.825309 0.257940 0.339506
0 0.460058 0.688272 0.169394 0.292593
0 0.680943 0.486420 0.160731 0.219753
0 0.101059 0.576543 0.186718 0.239506
0 0.174206 0.351235 0.098171 0.154321
0 0.423965 0.364198 0.112608 0.175309
0 0.545717 0.284568 0.096246 0.132099
0 0.396054 0.212346 0.083734 0.125926
0 0.507700 0.163580 0.070260 0.085185
0 0.166987 0.230864 0.081809 0.101235
0 0.357074 0.143827 0.055823 0.065432
0 0.451877 0.079012 0.054860 0.066667
0 0.374398 0.087037 0.055823 0.062963
