0 0.602336 0.805355 0.190211 0.366136
0 0.867631 0.649783 0.220245 0.324168
0 0.128476 0.798842 0.221357 0.353111
0 0.714127 0.289436 0.124583 0.193922
0 0.549499 0.334298 0.095662 0.153401
0 0.250834 0.428365 0.132369 0.179450
0 0.299221 0.213459 0.082314 0.111433
0 0.387653 0.196816 0.092325 0.092619
0 0.514461 0.188857 0.083426 0.102750
0 0.634038 0.195369 0.071190 0.081042
0 0.601780 0.122287 0.064516 0.065123
0 0.473304 0.104920 0.063404 0.068017
0 0.546162 0.062952 0.055617 0.062229
