0 0.405651 0.660287 0.175287 0.332536
0 0.579023 0.409091 0.140805 0.150718
0 0.370211 0.392943 0.119732 0.183014
0 0.217433 0.328349 0.103448 0.156699
0 0.089080 0.311005 0.116858 0.157895
0 0.122126 0.189593 0.079502 0.101675
0 0.156609 0.110048 0.058429 0.078947
0 0.318008 0.095694 0.059387 0.057416
0 0.335249 0.178828 0.070881 0.104067
0 0.467912 0.188995 0.085249 0.112440
0 0.531609 0.264354 0.101533 0.124402
0 0.367816 0.263756 0.093870 0.068182
0 0.834291 0.869019 0.277778 0.252392
0 0.662835 0.605263 0.191571 0.232057
