0 0.539070 0.795297 0.162791 0.312586
0 0.831628 0.681881 0.241860 0.437068
0 0.115349 0.804288 0.187907 0.330567
0 0.490698 0.464730 0.125581 0.279391
0 0.678140 0.459198 0.124651 0.210235
0 0.597209 0.249654 0.074419 0.100968
0 0.213953 0.377593 0.104186 0.160443
0 0.260930 0.197787 0.062326 0.088520
0 0.291628 0.150761 0.045581 0.074689
0 0.353023 0.154219 0.058605 0.087137
0 0.418605 0.357538 0.061395 0.139696
0 0.529302 0.334716 0.074419 0.138313
0 0.458140 0.199862 0.066047 0.087137
0 0.539535 0.170124 0.065116 0.077455
0 0.421395 0.127248 0.055814 0.069156
0 0.397209 0.049793 0.052093 0.063624
