0 0.314046 0.860394 0.157223 0.279213
0 0.551476 0.813653 0.181963 0.372694
0 0.872306 0.865929 0.249002 0.268143
0 0.762570 0.606396 0.169992 0.246002
0 0.685954 0.433579 0.126895 0.153752
0 0.508380 0.505535 0.130886 0.221402
0 0.093775 0.801353 0.185954 0.372694
0 0.205108 0.511685 0.135674 0.246002
0 0.601357 0.246002 0.109338 0.233702
0 0.259777 0.279213 0.085395 0.157442
0 0.362729 0.234317 0.063049 0.136531
0 0.468077 0.271218 0.115722 0.222632
0 0.443735 0.123616 0.070231 0.070111
0 0.539904 0.094711 0.056664 0.088561
0 0.253791 0.162362 0.070231 0.088561
0 0.432163 0.054121 0.059856 0.073801
