0 0.830207 0.771056 0.298124 0.358244
0 0.388944 0.911032 0.181639 0.168446
0 0.416584 0.640569 0.185587 0.296560
0 0.614018 0.436536 0.169793 0.175563
0 0.417572 0.438909 0.134255 0.199288
0 0.063672 0.335706 0.117473 0.175563
0 0.241362 0.306050 0.115499 0.149466
0 0.120928 0.243179 0.101678 0.128114
0 0.383021 0.286477 0.110563 0.126928
0 0.546397 0.286477 0.119447 0.129300
0 0.517769 0.187426 0.101678 0.075919
0 0.370681 0.180308 0.099704 0.090154
0 0.146594 0.116845 0.064166 0.079478
